1577965
3182418
2657443
1156540
2063325
4058848
1277728
3217173
2367635
1763394
4818567
1782390
1424797
3182419
1449978
3187420
1421318
1151129
2379678
1421310
1421311
1361256
1361257
1361250
1018925
1361259
2980266
2367638
2123757
1014622
2367639
1763398
1501256
1277727
3244065
3259828
3535330
4721864
3259827
2208826
1275271
3244068
3196342
1989660
1209675
2219913
1989665
1989664
1783680
1989666
1989669
3444644
1464377
1779134
2022615
4213235
1208584
1957086
1315430
3144293
2861257
2023961
2023967
2820419
2979110
1275983
4309710
4060460
1361780
2028438
1889399
3041941
2277526
3248617
2981990
1802770
1889390
1889396
1904361
2981997
2256323
3071493
4922651
1053562
1868317
4922654
1760020
3535331
1398474
1779132
1989662
1209673
1754022
1989667
1396636
1989668
2226073
2348812
1827096
2023962
1208588
1007296
2975917
1974208
1802771
1889395
1124856
2324317
2137651
1177989
3729187
4139669
4922655
2138608
4139666
4710833
3389977
4891252
1073031
1796919
1957735
1962570
4244682
3825795
1323106
1831990
1769322
1080649
3837117
1418280
1427260
1675501
1274149
1945276
1536255
4891012
1416289
2975856
4247881
4293302
1097515
2308050
1080818
1393905
1043466
4723735
1858458
1014623
2006723
1281871
4179746
1460350
3306619
4726765
1049207
1254011
1636269
3592822
1181787
1989661
