1014144
1050609
1033334
1062235
1023050
1008179
1045314
1077834
1008176
1015412
1077833
1002903
1068920
1078250
1018328
1040924
1040926
1019509
1075506
1070007
1014323
1041527
1041524
1003986
1060704
1021928
1051353
1050510
1045083
1037290
1004088
1027191
1077905
1004719
1070310
1004710
1038256
1004243
1013253
1001761
1021693
1069378
1072241
1001769
1032801
1067521
1005047
1010520
1050175
1050174
1057378
1048364
1000437
1032063
1032062
1051919
1069723
1008196
1001165
1078470
1051226
1033190
1040207
1055203
1058355
1035262
1039929
1020644
1001349
1045231
1062355
1053983
1014451
1014453
1014456
1033601
1073063
1035862
1024159
1056917
1004668
1022866
1072334
1072337
1048580
1024889
1009640
1042053
1049690
1057206
1002582
1049695
1005918
1035600
1005915
1046613
1077568
1062756
1049361
1047719
1057197
1032645
1017222
1035592
1022914
1022915
1048109
1043163
1025336
1028521
1006933
1006020
1003055
1029698
1017795
1029696
1052925
1024423
1002055
1042616
1049189
1063401
1005822
1049180
1023735
1049219
1029238
1049215
1042292
1017179
1031293
1031740
1017172
1000407
1017170
1007196
1003479
1071320
1006113
1047568
1072932
1063245
1031345
1052031
1031341
1011912
1000570
1016205
1016204
1044051
1000579
1038736
1067969
1026165
1067960
1051989
1030503
1015952
1064101
1046385
1003728
1068394
1049435
1000972
1046148
1044619
1026346
1026340
1060068
1012504
1075192
1000990
1000993
1077933
1011323
1027767
1011637
1027762
1069576
1019428
1018912
1007577
1007576
1054889
1036823
1020820
1065142
1051036
1039735
1037602
1059258
1051216
1050349
1051745
1066681
1051749
1050340
1041888
1019356
1044547
1011746
1040608
1055054
1077827
1069754
1068930
1007402
1002914
1038390
1000353
1002518
1061004
1016395
1075045
1033851
1018178
1052127
1036179
1029945
1070272
1006093
1077917
1051363
1021914
1060637
1014040
1034955
1063988
1016051
1018747
1056657
1050762
1050763
1008249
1036397
1036395
1061534
1030254
1057341
1013488
1014595
1013805
1066627
1013801
1055273
1058031
1074155
1032253
1002135
1072248
1024528
1046544
1053009
1046813
1041262
1066155
1028404
1028406
1058291
1028409
1054092
1032803
1055304
1004699
1048771
1048590
1077778
1055906
1010286
1032498
1058697
1001953
1020182
1049355
1049354
1053192
1047704
1051950
1022920
1072438
1052828
1025103
1017818
1029111
1004885
1006581
1042609
1033163
1056120
1053331
1021346
1069824
1003264
1041414
1063418
1041415
1002400
1020296
1071514
1021977
1003664
1029756
1022072
1009902
1072767
1067603
1075952
1076426
1039126
1006694
1024854
1035146
1056010
1062653
1068019
1017563
1069634
1000506
1060279
1026171
1065928
1026916
1067919
1056335
1071023
1051911
1059969
1055470
1036947
1006560
1042866
1051097
1029371
1069016
1017506
1023850
1067592
1060019
1023186
1023188
1010204
1010755
1068347
1034729
1068341
1060383
1000216
1024041
1027752
1000213
1029979
1018416
1008237
1012189
1007562
1038650
1022699
1000696
1064734
1060476
1019743
1039585
1015189
1041893
1060125
1041896
1014125
1040382
1030882
1011754
1008357
1065193
1040631
1040632
1040635
1044559
1032716
1026593
1074030
1074032
1059938
1068907
1000323
1003414
1000325
1019568
1033848
1076060
1010595
1019293
1019292
1033843
1014877
1014872
1043814
1043815
1010570
1033288
1076066
1051370
1038277
1038279
1038074
1036765
1074329
1056461
1038078
1041385
1073318
1066762
1032369
1059113
1014278
1070685
1036541
1015610
1030865
1030864
1055182
1051975
1036490
1050080
1073266
1019328
1078457
1074142
1066165
1058376
1056801
1005334
1053836
1002451
1020622
1047820
1012050
1069994
1041072
1004992
1014678
1035848
1046571
1035843
1058759
1072353
1042070
1072351
1052636
1039389
1045546
1024197
1005932
1013058
1033714
1024013
1009706
1058855
1062739
1017603
1024158
1044896
1048907
1022938
1054130
1076946
1076761
1002690
1042672
1003079
1052123
1002073
1008757
1028296
1013127
1013129
1047608
1039258
1011960
1062423
1022060
1007952
1009938
1043650
1067615
1068641
1009931
1007772
1042250
1007178
1025001
1042703
1042702
1003416
1024846
1067293
1077762
1038476
1043252
1037954
1043256
1037951
1017604
1031380
1068734
1000516
1000517
1031207
1044705
1031432
1064230
1006770
1056324
1071016
1007313
1056329
1030529
1019624
1003093
1019628
1030526
1042815
1021395
1031720
1016429
1029365
1029368
1057201
1058514
1030092
1040131
1046615
1011187
1023882
1067830
1011180
1068824
1041733
1007559
1038663
1042928
1046236
1000687
1000689
1019756
1034396
1060642
1030898
1019171
1027525
1018482
1017698
1069778
1023088
1020996
1030388
1008324
1004318
1023084
1025878
1021255
1029812
1074006
1068912
1075538
1051163
1062455
1065053
1030706
1064532
1062326
1018577
1018576
1075022
1063604
1010587
1010361
1066558
1050566
1018390
1015515
1033273
1043820
1037716
1046946
1056673
1023155
1066957
1078516
1076966
1040397
1047954
1050368
1046492
1070851
1041912
1014242
1050784
1059690
1013267
1066776
1059696
1013469
1021809
1048353
1055254
1030876
1027251
1055258
1023589
1050091
1055301
1059588
1018153
1068350
1004325
1001136
1004322
1073253
1018976
1073744
1047833
1072124
1005325
1072126
1005492
1022318
1058360
1036446
1057783
1041283
1032702
1059568
1021710
1066084
1009258
1011590
1003931
1077371
1072239
1009257
1003939
1006214
1035387
1005929
1013042
1074207
1045578
1045574
1038863
1038861
1013286
1006967
1049400
1013879
1052803
1017176
1028779
1025474
1005813
1024270
1025671
1024279
1050951
1028800
1011977
1076330
1023709
1002054
1071821
1029553
1007760
1067625
1038911
1038449
1007890
1056079
1071794
1035362
1007897
1071226
1071227
1052973
1020146
1067025
1026110
1066291
1010995
1064220
1000523
1064223
1007309
1056315
1038703
1075230
1006781
1028977
1047447
1067418
1047441
1016435
1034707
1048047
1044405
1045971
1065264
1064828
1029957
1012558
1021261
1023896
1028431
1002871
1023893
1059824
1042934
1042930
1055522
1030469
1030468
1042938
1014623
1015857
1063109
1018498
1015452
1019143
1075495
1060104
1027085
1070190
1070445
1065405
1037148
1059914
1040096
1055062
1025808
1069168
1020961
1033866
1012956
1012955
1075540
1047060
1078566
1018360
1022001
1007433
1060489
1031741
1051175
1050559
1018382
1061615
1059355
1014812
1037729
1014817
1065083
1054425
1051314
1026425
1074304
1073404
1005567
1038290
1038291
1038292
1008023
1039507
1002895
1038052
1055796
1002898
1066987
1046483
1070535
1058881
1027262
1013451
1058889
1033007
1045119
1065051
1018634
1077898
1006004
1074945
1061029
1055088
1059594
1001125
1073752
1002471
1001309
1002474
1002562
1032739
1023557
1033132
1049522
1012995
1041297
1050049
1014493
1021709
1033486
1010668
1021701
1021702
1033488
1003925
1048891
1066746
1058779
1073333
1005003
1004539
1006203
1006207
1058229
1058228
1032357
1077528
1072830
1013707
1035887
1057244
1039878
1006970
1020061
1009043
1045365
1061602
1029517
1029040
1056867
1053810
1022951
1076922
1056868
1048922
1017288
1052144
1024468
1042124
1024266
1014533
1053493
1025390
1063443
1077638
1062407
1062404
1044989
1017356
1068140
1071819
1076323
1042011
1003659
1025244
1074912
1023775
1022739
1018017
1055881
1022733
1042723
1056049
1036783
1072971
1020393
1064862
1063040
1052968
1052969
1007334
1000904
1068754
1000531
1069375
1023951
1017621
1042831
1042832
1012720
1047297
1043522
1052360
1055401
1068112
1031253
1031700
1027725
1012890
1005115
1075317
1029940
1075312
1075311
1054685
1011161
1063824
1030470
1036864
1055536
1040887
1040884
1011561
1063138
1042529
1061195
1040865
1075959
1040646
1055445
1060117
1034591
1026707
1000647
1034609
1069156
1020974
1011702
1069405
1034603
1012945
1047070
1018820
1047079
1034282
1075791
1060025
1039460
1057877
1065077
1051324
1014006
1030294
1054439
1010019
1040267
1074688
1010010
1013919
1026411
1016864
1056695
1008013
1061977
1010499
1075174
1019390
1033922
1061979
1063921
1057653
1066999
1034108
1023048
1041111
1015660
1055099
1040466
1014825
1041592
1070985
1077880
1047851
1051943
1051533
1050051
1058097
1009273
1009270
1036199
1014622
1040518
1004015
1078710
1005019
1001065
1073349
1055347
1057490
1058234
1002262
1024677
1076045
1005768
1032344
1028372
1032341
1049464
1035562
1062278
1021605
1045352
1007471
1076137
1048930
1048931
1048423
1076598
1006301
1052178
1028714
1074178
1046738
1077621
1052778
1022334
1025384
1001848
1024701
1001685
1071800
1044994
1032501
1042006
1076685
1072368
1025251
1009693
1007928
1004329
1012401
1012407
1022702
1028008
1062988
1006419
1006418
1003136
1003133
1042225
1016523
1062694
1023614
1071241
1029159
1066394
1052990
1007323
1022147
1007325
1033826
1056055
1042820
1052424
1025723
1025721
1046117
1039079
1025137
1019943
1019945
1024928
1031248
1010845
1064115
1034760
1064841
1000251
1054691
1059769
1044177
1026628
1068308
1073749
1038619
1068301
1012379
1006635
1006639
1030442
1064205
1046209
1046202
1021056
1023357
1037121
1024810
1031818
1045827
1069781
1040673
1034349
1014808
1025820
1054744
1007459
1011662
1037357
1030153
1010714
1064068
1075764
1004249
1027917
1014529
1065335
1019232
1041616
1061367
1060768
1033248
1037587
1044203
1037589
1040211
1040215
1074364
1040186
1061964
1041855
1050339
1030620
1061746
1023246
1022632
1059204
1004821
1004795
1066217
1058154
1036290
1015123
1036297
1041104
1027280
1040695
1073518
1051193
1071187
1056733
1041585
1015403
1059378
1008869
1001896
1013380
1013890
1032197
1036478
1009255
1004956
1065931
1015729
1004554
1077328
1003908
1072606
1055355
1005576
1058200
1077506
1005755
1072554
1024666
1005207
1006881
1057269
1006884
1002253
1001895
1049476
1049477
1013094
1005681
1036613
1058845
1058844
1024060
1048411
1035974
1027989
1025623
1003232
1071476
1035758
1076277
1035997
1024249
1050929
1044671
1001697
1020009
1048672
1020006
1032570
1013369
1023595
1042039
1072399
1042035
1039544
1049070
1023598
1043613
1017422
1042580
1003140
1060822
1062991
1003694
1025533
1053741
1019833
1063027
1032400
1067019
1029149
1023624
1062514
1071270
1007862
1007864
1067279
1022158
1023975
1016062
1016061
1061239
1068579
1025753
1067782
1054917
1019959
1039068
1010349
1006531
1021193
1039060
1028925
1007914
1067305
1043182
1012380
1007918
1012560
1012561
1034759
1026871
1069227
1027876
1051440
1019485
1019486
1008265
1007590
1044342
1044347
1006624
1015867
1015864
1019715
1019716
1031184
1030451
1008469
1064271
1000803
1064275
1046276
1039197
1051524
1045834
1066934
1020959
1069138
1068403
1026278
1015499
1007667
1048529
1054776
1012962
1056501
1030054
1030052
1019009
1075776
1075771
1065258
1060595
1014029
1060774
1060779
1041622
1034937
1011034
1008074
1055185
1055184
1055187
1055186
1034248
1016845
1041823
1057925
1050324
1021847
1059419
1018260
1036067
1041482
1004760
1037048
1014738
1045120
1015133
1014737
1054583
1040681
1066510
1038312
1078017
1074732
1018192
1018664
1073708
1013396
1075717
1041007
1001198
1041003
1041550
1001193
1014359
1021990
1040538
1005561
1048712
1040532
1027818
1070897
1023860
1003972
1053174
1077043
1049463
1072015
1053914
1076067
1072541
1073386
1073384
1073383
1059632
1045334
1057104
1039840
1077196
1005692
1033561
1028553
1005360
1013136
1023293
1023295
1077428
1060044
1029340
1053354
1003204
1071463
1070775
1021529
1024726
1039208
1048147
1029739
1013371
1045247
1045246
1013378
1042027
1012171
1043373
1055985
1076640
1028805
1038957
1038487
1046680
1053759
1021456
1049629
1035326
1044827
1044823
1003373
1043579
1060962
1007059
1029197
1010866
1045662
1026880
1026884
1029041
1062144
1067669
1029513
1049136
1067666
1055895
1062148
1027841
1029003
1077427
1034747
1064864
1000900
1008452
1006614
1008459
1052242
1052241
1052245
1001057
1069301
1000870
1034106
1021273
1016272
1061929
1046265
1046267
1027602
1011731
1027608
1037101
1010607
1045806
1038125
1016292
1022210
1055629
1040053
1007479
1002980
1024526
1022187
1057843
1033829
1036806
1054762
1033825
1045934
1075743
1003013
1008934
1074683
1033226
1010512
1070711
1034922
1055199
1034928
1069059
1038012
1064885
1038010
1018291
1033919
1075905
1070154
1037691
1018980
1047138
1041127
1021856
1059406
1013416
1037079
1013410
1041128
1051449
1015104
1036274
1033778
1020587
1045597
1074234
1004376
1059277
1066833
1004118
1004973
1032770
1013568
1069935
1071384
1036413
1050006
1059537
1015748
1051841
1027330
1040542
1020459
1058131
1074659
1078488
1001985
1035517
1053109
1058260
1002507
1013987
1048182
1032319
1045323
1057444
1069846
1032085
1021677
1005358
1016336
1058869
1005354
1058681
1005353
1076105
1072447
1024733
1006332
1034416
1025355
1006991
1056883
1020022
1058661
1057599
1031423
1058669
1011904
1029723
1077597
1028122
1076811
1042434
1038492
1008660
1028052
1052528
1034905
1054725
1038949
1077702
1077701
1056081
1056080
1076654
1063796
1076650
1067070
1039300
1019858
1002299
1035333
1017084
1007305
1071921
1042168
1017064
1043562
1017061
1029474
1029475
1016595
1025176
1073276
1047416
1052411
1050336
1072847
1006197
1029056
1007246
1029983
1026674
1023825
1064630
1031526
1043419
1054807
1043416
1012611
1031857
1026070
1042783
1078165
1043093
1031459
1034138
1034136
1060204
1063754
1020930
1031146
1030328
1064740
1051507
1065127
1061155
1037441
1001174
1032419
1054719
1000594
1046320
1016627
1060371
1065239
1075284
1062729
1034259
1015020
1030920
1069507
1065341
1034262
1011051
1049059
1069590
1000280
1030164
1034797
1070380
1025989
1016827
1010615
1047120
1027587
1070410
1070147
1045818
1037060
1014750
1070360
1059431
1073143
1050471
1014978
1036798
1014192
1036793
1036243
1010472
1052829
1054365
1023000
1007754
1010189
1027030
1073544
1077847
1061847
1074084
1038379
1061843
1018881
1056707
1033144
1059503
1032762
1032760
1032945
1033148
1032764
1014374
1064298
1041578
1040698
1070963
1020441
1063852
1074660
1057616
1011216
1007347
1049561
1038208
1008949
1077069
1008941
1058276
1011827
1009094
1066008
1001737
1052203
1039826
1014578
1021880
1069857
1041375
1009529
1054384
1054380
1003828
1058874
1004128
1072632
1005655
1024217
1002607
1028596
1077668
1042567
1001885
1058679
1013223
1062309
1057227
1045262
1039907
1053933
1009147
1002513
1034067
1009149
1022839
1056097
1038977
1038979
1077717
1077710
1056405
1058519
1067049
1071931
1039315
1063540
1062018
1039311
1049337
1007073
1065565
1035117
1043551
1006073
1028916
1022341
1022343
1003000
1056144
1017180
1010888
1051674
1016454
1043312
1012117
1029068
1037891
1012114
1062168
1012307
1020537
1026065
1054816
1071153
1055548
1016807
1016057
1074789
1067997
1016053
1023907
1060893
1000856
1016058
1069451
1034653
1020905
1008592
1026208
1022232
1011228
1012242
1018872
1022238
1007492
1074525
1047205
1009891
1016631
1054899
1034011
1030554
1036929
1065750
1027488
1022936
1040965
1015584
1037278
1065579
1015349
1034279
1034274
1015343
1069071
1068856
1026686
1012802
1054633
1016832
1018479
1045862
1077248
1061140
1055357
1070175
1075432
1061216
1070358
1019308
1015699
1027002
1050640
1014189
1024665
1074258
1026534
1000144
1030171
1037785
1059332
1053752
1059330
1059336
1013502
1059040
1077279
1002523
1017779
1032937
1046883
1015767
1008698
1069915
1059197
1072739
1027319
1005534
1065970
1065977
1057601
1070598
1032335
1035478
1048857
1034741
1031354
1070820
1033790
1035475
1023482
1014561
1069862
1041366
1077474
1072607
1058804
1077655
1005660
1072462
1006190
1025373
1009777
1077129
1077497
1077492
1024599
1047685
1053634
1077499
1066108
1058245
1005242
1076013
1009177
1048524
1048526
1028853
1003163
1025576
1028540
1076638
1019877
1055976
1053709
1013032
1046653
1031917
1023668
1023467
1005279
1042149
1012586
1049323
1052380
1042894
1003387
1012032
1039020
1002013
1031034
1019917
1008732
1052477
1010898
1028077
1017465
1034967
1062177
1012637
1016486
1044656
1023066
1047325
1066808
1012616
1052074
1063190
1067980
1007824
1007391
1067236
1042419
1063971
1021224
1026942
1000624
1064766
1039487
1012256
1012250
1022229
1016930
1012929
1011215
1029891
1069660
1047218
1057892
1007625
1027832
1062193
1044499
1034066
1000930
1049686
1041452
1065563
1061043
1040970
1055701
1016806
1011673
1060531
1015356
1064014
1039572
1018408
1030307
1038688
1039771
1075392
1029370
1066485
1051492
1050658
1066663
1077867
1034847
1008145
1014173
1055015
1026547
1020547
1074263
1038196
1051386
1002958
1061684
1002954
1002955
1050256
1061461
1059074
1077260
1061468
1023322
1010300
1014310
1033414
1040771
1005521
1041684
1056616
1055128
1008094
1033098
1041992
1057142
1054001
1070801
1072295
1039809
1074841
1013208
1047927
1033638
1005411
1005193
1048441
1051928
1055236
1009381
1014080
1053623
1024765
1044038
1077139
1002375
1062363
1045201
1072189
1045208
1005381
1057092
1057095
1020679
1020670
1058251
1002574
1005255
1012564
1008962
1072508
1009160
1042557
1028842
1028843
1003155
1062960
1029791
1029795
1029794
1053246
1053711
1053249
1017213
1029649
1071958
1018638
1076289
1028201
1076280
1022556
1076285
1038656
1042333
1043201
1043200
1017522
1068052
1012006
1025414
1039017
1024785
1005873
1003692
1056164
1053405
1049957
1044912
1012135
1017452
1071173
1017145
1017143
1071177
1012319
1013638
1012485
1022783
1007709
1006120
1012489
1022916
1021019
1016033
1062611
1020329
1063741
1016920
1016929
1000892
1069678
1034479
1057881
1056574
1031956
1034470
1014496
1015961
1019076
1027808
1011680
1030575
1027802
1051663
1061058
1011067
1027159
1065003
1030200
1074472
1016814
1026317
1015367
1065486
1065485
1002815
1002810
1041057
1056284
1015144
1065299
1014763
1070331
1018237
1069704
1034500
1051714
1051715
1023253
1000364
1027977
1055234
1047001
1075079
1001013
1070246
1059069
1001147
1040589
1050286
1023314
1050532
1041507
1054448
1014090
1059444
1033086
1056979
1022825
1056973
1009285
1072260
1047919
1000165
1069805
1058825
1027204
1051931
1009577
1001560
1048496
1059384
1059717
1001360
1001361
1045218
1002142
1024570
1024572
1048543
1048014
1041238
1014434
1049016
1049017
1024171
1072067
1072316
1003148
1025559
1076617
1038984
1006460
1072319
1028780
1045566
1028270
1067728
1071981
1067096
1017848
1048535
1002039
1006003
1042633
1025135
1020241
1049165
1049944
1062971
1017334
1028095
1068606
1026036
1026035
1060294
1029326
1029322
1022799
1007733
1048539
1055823
1022023
1006486
1028894
1056023
1064566
1047585
1046290
1047588
1052055
1021209
1033364
1071745
1015059
1063223
1062608
1063736
1016003
1016953
1064707
1031106
1034449
1054717
1007601
1000888
1022240
1012274
1012272
1075249
1075371
1006737
1000139
1006732
1067973
1008121
1000952
1046164
1069249
1060333
1064017
1015375
1051659
1037534
1012363
1065010
1025562
1068259
1072985
1027786
1044107
1000773
1010785
1060196
1036766
1068866
1030699
1037401
1061118
1030366
1039752
1056295
1039750
1036763
1040351
1033325
1078146
1066462
1066463
1023045
1034534
1051231
1072989
1043910
1032967
1078244
1042157
1022476
1066609
1018114
1032126
1041532
1014339
1059016
1004417
1065943
1005930
1061642
1050527
1010322
1051349
1036116
1011466
1078790
1000804
1020407
1018206
1061242
1038241
1073106
1066911
1073103
1004250
1013225
1046172
1001775
1009290
1001779
1033057
1059491
1059490
1041408
1021684
1072673
1067106
1027427
1009368
1008180
1008189
1005619
1032581
1013646
1057508
1001357
1001356
1035477
1053088
1062346
1066133
1062343
1048007
1076320
1054277
1008988
1009100
1009105
1056968
1025238
1076378
1025547
1046620
1005291
1042153
1049688
1035614
1044842
1017238
1032672
1001911
1045535
1074458
1013001
1025243
1011882
1028268
1062297
1048173
1071405
1025434
1052932
1052937
1017839
1017788
1003284
1072899
1002025
1042193
1076574
1056102
1053463
1067390
1049190
1029221
1044934
1042996
1000418
1043466
1047370
1056036
1038407
1035129
1052027
1060852
1017542
1017541
1010915
1045716
1045718
1022497
1016764
1016941
1033831
1060298
1038746
1017851
1038744
1043008
1067976
1012203
1000564
1055455
1055453
1006341
1042843
1047787
1015941
1014385
1015942
1016306
1011462
1016300
1031570
1031575
1040104
1025931
1076162
1051502
1044446
1011647
1002838
1043485
1019431
1040685
1054671
1053409
1065159
1065156
