41923729
1036741
3790983
62829697
1311813
1641349
8511481
2290115
1366810
4640303
57201137
6674333
1355884
2205084
45266458
2505246
3605992
27135163
1538764
30789450
4089827
1479690
1214750
2826991
1506160
50199035
2242590
1307927
2194604
2474294
1096812
1600979
1867263
36541079
3555206
2608560
1915226
45798665
3188304
2609334
2133461
1017464
1400321
1079953
3674509
36999666
41467174
1071163
2296923
1339639
3450544
2603819
62455277
3947621
41838663
52623934
54704732
1082228
1901459
2107950
37099436
2521825
2762173
1017995
1215053
48188928
1007826
1001162
1476579
2866549
3778347
75901458
50686375
1095914
1140414
2504060
48833780
52735671
2761276
28594363
1074067
32068553
29895015
2195745
2832899
14986684
1329593
1378523
1081311
2011896
2179233
47287341
1078604
2303957
34250563
4214564
1871731
1147451
2790593
26379453
42462556
4869978
1423569
2197848
2140781
3992783
3571728
1217919
3677445
1385662
2206160
1645258
1224240
2126832
17900119
1120428
53357615
1398879
57238503
1198499
1194562
59618726
63230793
1850420
1707885
36201886
53613967
2515299
48239585
152434281
3842303
1354888
2701981
38337859
1802151
1000152
65357693
39008769
69665050
1049746
1351785
2018268
2473154
1014251
1804172
1667851
1225212
1326390
15348679
1541314
1083310
1055848
44712664
50821908
3979353
3578803
1203670
2283414
21056216
4471755
46326003
32815358
3823996
58394416
32596748
1030253
15050068
46617518
1049139
4437528
1949568
35530931
1588742
34760380
4278255
1262246
47581877
35352764
1029417
2515574
2262793
48329159
1796039
2109766
154346