0	1014144	0.1
1	1050609	2.3
2	1033334	4.5
3	1062235	6.7
4	1023050	8.9
5	1008179	10.11
6	1045314	12.13
7	1077834	14.3
8	1008176	15.16
9	1015412	17.18
10	1077833	19.20
11	1002903	21.22
12	1068920	23.1
13	1078250	24.3
14	1018328	25.3
15	1040924	26.3
16	1040926	27.28
17	1019509	29.30
18	1075506	31.18
19	1070007	32.33
20	1014323	19.34
21	1041527	14.35
22	1041524	36.37
23	1003986	38.35
24	1060704	3.39
25	1021928	40.1
26	1051353	41.42
27	1050510	43.44
28	1045083	45.46
29	1037290	47.48
30	1004088	49.50
31	1027191	51.52
32	1077905	53.28
33	1004719	54.55
34	1070310	56.57
35	1004710	58.59
36	1038256	60.35
37	1004243	61.22
38	1013253	15.62
39	1001761	63.3
40	1021693	46.64
41	1069378	65.66
42	1072241	67.68
43	1001769	69.70
44	1032801	71.72
45	1067521	73.3
46	1005047	15.74
47	1010520	75.76
48	1050175	77.15
49	1050174	78.9
50	1057378	79.80
51	1048364	81.28
52	1000437	82.3
53	1032063	83.15
54	1032062	19.84
55	1051919	85.19
56	1069723	15.86
57	1008196	69.35
58	1001165	87.15
59	1078470	47.88
60	1051226	89.90
61	1033190	42.91
62	1040207	71.92
63	1055203	93.94
64	1058355	19.95
65	1035262	96.15
66	1039929	97.98
67	1020644	43.99
68	1001349	79.100
69	1045231	101.3
70	1062355	15.87
71	1053983	102.103
72	1014451	104.90
73	1014453	105.106
74	1014456	107.3
75	1033601	108.109
76	1073063	19.110
77	1035862	111.112
78	1024159	113.114
79	1056917	115.116
80	1004668	108.109
81	1022866	117.118
82	1072334	119.120
83	1072337	121.122
84	1048580	123.1
85	1024889	124.49
86	1009640	15.125
87	1042053	22.126
88	1049690	127.128
89	1057206	129.130
90	1002582	131.15
91	1049695	42.132
92	1005918	133.1
93	1035600	46.71
94	1005915	134.19
95	1046613	135.3
96	1077568	33.136
97	1062756	137.71
98	1049361	138.70
99	1047719	139.140
100	1057197	141.142
101	1032645	143.144
102	1017222	145.146
103	1035592	15.147
104	1022914	148.149
105	1022915	94.150
106	1048109	151.152
107	1043163	153.154
108	1025336	141.142
109	1028521	155.71
110	1006933	36.156
111	1006020	157.15
112	1003055	15.70
113	1029698	158.3
114	1017795	159.15
115	1029696	36.160
116	1052925	161.71
117	1024423	162.12
118	1002055	31.163
119	1042616	164.165
120	1049189	166.167
121	1063401	120.119
122	1005822	168.169
123	1049180	170.116
124	1023735	12.171
125	1049219	172.3
126	1029238	173.174
127	1049215	175.176
128	1042292	177.19
129	1017179	178.15
130	1031293	179.9
131	1031740	53.3
132	1017172	180.3
133	1000407	181.3
134	1017170	71.22
135	1007196	182.22
136	1003479	15.183
137	1071320	184.185
138	1006113	186.187
139	1047568	19.188
140	1072932	19.189
141	1063245	172.18
142	1031345	177.19
143	1052031	15.190
144	1031341	191.192
145	1011912	193.71
146	1000570	194.195
147	1016205	196.178
148	1016204	197.71
149	1044051	198.71
150	1000579	199.200
151	1038736	94.201
152	1067969	19.202
153	1026165	27.28
154	1067960	203.3
155	1051989	204.30
156	1030503	15.16
157	1015952	15.155
158	1064101	19.198
159	1046385	172.205
160	1003728	206.207
161	1068394	208.186
162	1049435	209.15
163	1000972	140.210
164	1046148	107.3
165	1044619	211.163
166	1026346	212.213
167	1026340	214.195
168	1060068	215.216
169	1012504	69.217
170	1075192	218.219
171	1000990	9.220
172	1000993	36.221
173	1077933	222.223
174	1011323	224.71
175	1027767	153.225
176	1011637	226.227
177	1027762	228.186
178	1069576	19.229
179	1019428	53.3
180	1018912	17.230
181	1007577	231.232
182	1007576	36.233
183	1054889	175.35
184	1036823	13.234
185	1020820	235.236
186	1065142	15.237
187	1051036	71.238
188	1039735	69.239
189	1037602	71.240
190	1059258	241.19
191	1051216	242.243
192	1050349	244.71
193	1051745	245.246
194	1066681	166.247
195	1051749	248.15
196	1050340	249.3
197	1041888	250.251
198	1019356	252.71
199	1044547	253.76
200	1011746	254.145
201	1040608	255.102
202	1055054	135.3
203	1077827	256.80
204	1069754	257.3
205	1068930	9.258
206	1007402	259.15
207	1002914	242.260
208	1038390	261.262
209	1000353	263.25
210	1002518	264.18
211	1061004	265.134
212	1016395	15.266
213	1075045	158.3
214	1033851	267.268
215	1018178	269.3
216	1052127	270.3
217	1036179	22.9
218	1029945	271.21
219	1070272	272.22
220	1006093	19.94
221	1077917	273.3
222	1051363	10.274
223	1021914	275.116
224	1060637	276.86
225	1014040	277.35
226	1034955	278.19
227	1063988	279.280
228	1016051	281.3
229	1018747	282.283
230	1056657	284.9
231	1050762	285.286
232	1050763	287.288
233	1008249	15.289
234	1036397	290.22
235	1036395	291.292
236	1061534	116.293
237	1030254	41.19
238	1057341	294.1
239	1013488	295.296
240	1014595	297.71
241	1013805	298.299
242	1066627	299.300
243	1013801	215.301
244	1055273	302.303
245	1058031	304.94
246	1074155	305.3
247	1032253	306.134
248	1002135	307.19
249	1072248	308.3
250	1024528	15.309
251	1046544	310.3
252	1053009	19.311
253	1046813	22.9
254	1041262	312.71
255	1066155	15.313
256	1028404	124.49
257	1028406	300.31
258	1058291	15.314
259	1028409	90.47
260	1054092	315.71
261	1032803	97.316
262	1055304	15.317
263	1004699	19.278
264	1048771	15.318
265	1048590	319.21
266	1077778	320.36
267	1055906	321.322
268	1010286	323.9
269	1032498	134.324
270	1058697	262.79
271	1001953	325.71
272	1020182	326.19
273	1049355	327.35
274	1049354	328.42
275	1053192	19.329
276	1047704	330.1
277	1051950	331.9
278	1022920	24.3
279	1072438	332.333
280	1052828	142.3
281	1025103	334.335
282	1017818	134.336
283	1029111	215.337
284	1004885	338.18
285	1006581	71.339
286	1042609	340.341
287	1033163	241.19
288	1056120	342.3
289	1053331	343.3
290	1021346	344.184
291	1069824	259.271
292	1003264	211.163
293	1041414	345.217
294	1063418	346.217
295	1041415	85.109
296	1002400	347.3
297	1020296	254.19
298	1071514	19.348
299	1021977	236.349
300	1003664	350.3
301	1029756	351.70
302	1022072	352.353
303	1009902	354.355
304	1072767	47.356
305	1067603	47.356
306	1075952	357.195
307	1076426	134.139
308	1039126	15.74
309	1006694	15.87
310	1024854	358.3
311	1035146	359.116
312	1056010	137.360
313	1062653	15.361
314	1068019	144.21
315	1017563	250.362
316	1069634	136.19
317	1000506	97.80
318	1060279	41.363
319	1026171	326.19
320	1065928	364.365
321	1026916	366.21
322	1067919	53.28
323	1056335	367.71
324	1071023	19.368
325	1051911	53.217
326	1059969	134.108
327	1055470	15.369
328	1036947	370.371
329	1006560	15.372
330	1042866	15.373
331	1051097	79.374
332	1029371	15.375
333	1069016	376.186
334	1017506	359.217
335	1023850	377.116
336	1067592	378.19
337	1060019	379.380
338	1023186	236.51
339	1023188	364.15
340	1010204	86.15
341	1010755	381.382
342	1068347	35.383
343	1034729	80.384
344	1068341	385.386
345	1060383	90.47
346	1000216	387.388
347	1024041	389.15
348	1027752	19.315
349	1000213	390.250
350	1029979	391.19
351	1018416	392.393
352	1008237	98.394
353	1012189	36.49
354	1007562	140.71
355	1038650	395.396
356	1022699	71.137
357	1000696	158.3
358	1064734	397.398
359	1060476	49.312
360	1019743	399.400
361	1039585	15.401
362	1015189	402.403
363	1041893	404.405
364	1060125	406.19
365	1041896	407.408
366	1014125	409.15
367	1040382	410.411
368	1030882	22.412
369	1011754	413.9
370	1008357	22.414
371	1065193	109.415
372	1040631	416.93
373	1040632	49.417
374	1040635	418.28
375	1044559	379.80
376	1032716	4.419
377	1026593	80.420
378	1074030	19.348
379	1074032	421.15
380	1059938	284.9
381	1068907	53.217
382	1000323	53.28
383	1003414	265.134
384	1000325	70.422
385	1019568	423.22
386	1033848	424.425
387	1076060	426.19
388	1010595	70.427
389	1019293	49.37
390	1019292	428.429
391	1033843	297.35
392	1014877	80.430
393	1014872	116.293
394	1043814	27.28
395	1043815	431.163
396	1010570	379.432
397	1033288	244.35
398	1076066	433.434
399	1051370	435.436
400	1038277	437.438
401	1038279	15.314
402	1038074	69.35
403	1036765	80.439
404	1074329	326.19
405	1056461	440.441
406	1038078	442.443
407	1041385	83.444
408	1073318	151.445
409	1066762	1.446
410	1032369	447.448
411	1059113	449.3
412	1014278	297.450
413	1070685	451.440
414	1036541	46.19
415	1015610	452.236
416	1030865	40.71
417	1030864	453.3
418	1055182	107.3
419	1051975	454.21
420	1036490	215.455
421	1050080	456.186
422	1073266	457.458
423	1019328	87.15
424	1078457	241.19
425	1074142	116.459
426	1066165	460.3
427	1058376	461.9
428	1056801	387.462
429	1005334	463.396
430	1053836	452.464
431	1002451	465.466
432	1020622	454.21
433	1047820	467.468
434	1012050	440.68
435	1069994	139.469
436	1041072	159.15
437	1004992	297.470
438	1014678	15.471
439	1035848	49.472
440	1046571	473.474
441	1035843	80.47
442	1058759	119.120
443	1072353	181.475
444	1042070	476.15
445	1072351	80.477
446	1052636	478.3
447	1039389	479.480
448	1045546	481.71
449	1024197	482.483
450	1005932	484.35
451	1013058	28.485
452	1033714	486.130
453	1024013	487.217
454	1009706	171.22
455	1058855	488.299
456	1062739	15.489
457	1017603	401.1
458	1024158	490.36
459	1044896	491.492
460	1048907	493.116
461	1022938	183.15
462	1054130	15.494
463	1076946	12.495
464	1076761	51.438
465	1002690	159.71
466	1042672	496.28
467	1003079	497.22
468	1052123	498.292
469	1002073	499.500
470	1008757	19.254
471	1028296	158.3
472	1013127	31.501
473	1013129	502.503
474	1047608	385.440
475	1039258	504.94
476	1011960	228.28
477	1062423	505.506
478	1022060	507.3
479	1007952	49.36
480	1009938	22.3
481	1043650	15.357
482	1067615	508.443
483	1068641	245.3
484	1009931	342.3
485	1007772	0.1
486	1042250	509.165
487	1007178	510.3
488	1025001	511.512
489	1042703	513.9
490	1042702	514.21
491	1003416	15.515
492	1024846	47.516
493	1067293	517.3
494	1077762	9.518
495	1038476	519.466
496	1043252	460.294
497	1037954	141.142
498	1043256	36.294
499	1037951	520.9
500	1017604	15.521
501	1031380	522.523
502	1068734	162.3
503	1000516	297.35
504	1000517	31.3
505	1031207	452.524
506	1044705	36.37
507	1031432	525.130
508	1064230	526.527
509	1006770	460.49
510	1056324	31.3
511	1071016	528.94
512	1007313	505.70
513	1056329	69.529
514	1030529	530.12
515	1019624	1.531
516	1003093	416.93
517	1019628	41.3
518	1030526	183.15
519	1042815	59.532
520	1021395	533.452
521	1031720	19.348
522	1016429	534.217
523	1029365	379.535
524	1029368	536.408
525	1057201	498.537
526	1058514	440.68
527	1030092	80.538
528	1040131	431.21
529	1046615	539.71
530	1011187	540.35
531	1023882	124.49
532	1067830	79.374
533	1011180	541.443
534	1068824	151.504
535	1041733	169.3
536	1007559	172.542
537	1038663	543.544
538	1042928	545.15
539	1046236	376.186
540	1000687	544.140
541	1000689	546.547
542	1019756	548.549
543	1034396	550.195
544	1060642	551.552
545	1030898	47.553
546	1019171	554.19
547	1027525	555.22
548	1018482	1.556
549	1017698	80.316
550	1069778	165.557
551	1023088	177.19
552	1020996	312.71
553	1030388	15.18
554	1008324	28.250
555	1004318	277.35
556	1023084	109.248
557	1025878	17.18
558	1021255	235.35
559	1029812	558.9
560	1074006	559.506
561	1068912	560.80
562	1075538	451.440
563	1051163	297.3
564	1062455	105.106
565	1065053	561.562
566	1030706	506.15
567	1064532	563.36
568	1062326	564.565
569	1018577	342.3
570	1018576	526.566
571	1075022	567.70
572	1063604	3.568
573	1010587	569.267
574	1010361	570.9
575	1066558	571.3
576	1050566	572.3
577	1018390	19.573
578	1015515	574.9
579	1033273	575.576
580	1043820	577.568
581	1037716	215.578
582	1046946	579.435
583	1056673	418.186
584	1023155	580.581
585	1066957	582.15
586	1078516	583.3
587	1076966	49.584
588	1040397	585.236
589	1047954	80.586
590	1050368	587.3
591	1046492	15.183
592	1070851	253.76
593	1041912	346.3
594	1014242	71.588
595	1050784	589.9
596	1059690	267.569
597	1013267	590.9
598	1066776	591.195
599	1059696	159.12
600	1013469	592.1
601	1021809	447.593
602	1048353	594.3
603	1055254	595.12
604	1030876	596.19
605	1027251	30.597
606	1055258	97.598
607	1023589	184.185
608	1050091	490.36
609	1055301	599.600
610	1059588	15.601
611	1018153	602.603
612	1068350	604.22
613	1004325	236.605
614	1001136	606.49
615	1004322	396.607
616	1073253	345.217
617	1018976	608.40
618	1073744	431.163
619	1047833	609.610
620	1072124	611.19
621	1005325	612.80
622	1072126	42.613
623	1005492	15.51
624	1022318	140.614
625	1058360	273.3
626	1036446	20.615
627	1057783	616.47
628	1041283	97.617
629	1032702	139.134
630	1059568	236.452
631	1021710	195.19
632	1066084	80.439
633	1009258	67.35
634	1011590	618.94
635	1003931	619.19
636	1077371	79.620
637	1072239	19.145
638	1009257	502.503
639	1003939	183.19
640	1006214	416.93
641	1035387	145.621
642	1005929	15.622
643	1013042	623.420
644	1074207	267.569
645	1045578	169.3
646	1045574	624.625
647	1038863	151.80
648	1038861	572.3
649	1013286	626.627
650	1006967	628.22
651	1049400	80.629
652	1013879	630.80
653	1052803	22.290
654	1017176	631.116
655	1028779	502.503
656	1025474	124.49
657	1005813	32.33
658	1024270	396.15
659	1025671	80.632
660	1024279	79.633
661	1050951	634.635
662	1028800	636.80
663	1011977	637.21
664	1076330	271.21
665	1023709	142.141
666	1002054	638.9
667	1071821	235.639
668	1029553	22.640
669	1007760	164.641
670	1067625	235.642
671	1038911	15.250
672	1038449	53.28
673	1007890	643.242
674	1056079	299.644
675	1071794	120.119
676	1035362	53.645
677	1007897	159.71
678	1071226	379.646
679	1071227	19.329
680	1052973	580.47
681	1020146	19.647
682	1067025	648.649
683	1026110	650.3
684	1066291	651.19
685	1010995	652.283
686	1064220	354.151
687	1000523	79.653
688	1064223	15.400
689	1007309	654.3
690	1056315	52.51
691	1038703	346.217
692	1075230	430.612
693	1006781	148.149
694	1028977	655.656
695	1047447	53.28
696	1067418	195.194
697	1047441	19.134
698	1016435	49.233
699	1034707	391.195
700	1048047	378.408
701	1044405	657.3
702	1045971	658.659
703	1065264	1.3
704	1064828	141.142
705	1029957	80.660
706	1012558	4.47
707	1021261	661.35
708	1023896	165.662
709	1028431	145.395
710	1002871	135.3
711	1023893	571.71
712	1059824	420.663
713	1042934	217.664
714	1042930	299.644
715	1055522	71.665
716	1030469	49.666
717	1030468	47.667
718	1042938	195.668
719	1014623	267.569
720	1015857	184.344
721	1063109	169.669
722	1018498	670.80
723	1015452	53.3
724	1019143	671.36
725	1075495	175.35
726	1060104	15.672
727	1027085	19.278
728	1070190	22.446
729	1070445	673.674
730	1065405	277.19
731	1037148	80.675
732	1059914	97.676
733	1040096	79.100
734	1055062	396.109
735	1025808	677.22
736	1069168	319.3
737	1020961	345.3
738	1033866	367.76
739	1012956	678.15
740	1012955	679.3
741	1075540	416.680
742	1047060	71.4
743	1078566	681.3
744	1018360	79.682
745	1022001	70.15
746	1007433	683.684
747	1060489	390.35
748	1031741	339.1
749	1051175	134.685
750	1050559	69.35
751	1018382	30.151
752	1061615	686.236
753	1059355	1.36
754	1014812	687.71
755	1037729	593.648
756	1014817	15.87
757	1065083	688.94
758	1054425	27.610
759	1051314	545.689
760	1026425	172.542
761	1074304	653.79
762	1073404	71.690
763	1005567	357.174
764	1038290	30.691
765	1038291	692.693
766	1038292	79.653
767	1008023	694.22
768	1039507	15.71
769	1002895	107.3
770	1038052	695.15
771	1055796	145.696
772	1002898	242.697
773	1066987	698.217
774	1046483	699.700
775	1070535	701.9
776	1058881	702.106
777	1027262	703.71
778	1013451	704.71
779	1058889	626.15
780	1033007	77.15
781	1045119	47.705
782	1065051	19.348
783	1018634	19.614
784	1077898	706.21
785	1006004	602.707
786	1074945	708.709
787	1061029	710.134
788	1055088	134.711
789	1059594	15.712
790	1001125	31.300
791	1073752	22.713
792	1002471	714.9
793	1001309	36.408
794	1002474	452.333
795	1002562	326.19
796	1032739	715.716
797	1023557	554.21
798	1033132	15.626
799	1049522	717.19
800	1012995	718.76
801	1041297	719.35
802	1050049	720.70
803	1014493	718.76
804	1021709	22.721
805	1033486	416.722
806	1010668	723.15
807	1021701	116.724
808	1021702	326.19
809	1033488	725.708
810	1003925	726.727
811	1048891	454.21
812	1066746	249.3
813	1058779	80.728
814	1073333	244.36
815	1005003	271.145
816	1004539	277.35
817	1006203	71.588
818	1006207	15.421
819	1058229	19.729
820	1058228	15.144
821	1032357	730.9
822	1077528	32.33
823	1072830	36.731
824	1013707	47.732
825	1035887	733.153
826	1057244	169.734
827	1039878	735.736
828	1006970	244.415
829	1020061	16.15
830	1009043	706.21
831	1045365	407.9
832	1061602	80.419
833	1029517	140.71
834	1029040	546.737
835	1056867	20.151
836	1053810	364.15
837	1022951	22.196
838	1076922	250.738
839	1056868	143.42
840	1048922	504.51
841	1017288	739.648
842	1052144	740.741
843	1024468	297.3
844	1042124	742.393
845	1024266	15.151
846	1014533	253.76
847	1053493	743.9
848	1025390	744.15
849	1063443	73.745
850	1077638	517.746
851	1062407	747.59
852	1062404	748.80
853	1044989	31.300
854	1017356	749.750
855	1068140	235.35
856	1071819	751.71
857	1076323	101.3
858	1042011	752.13
859	1003659	151.753
860	1025244	19.348
861	1074912	230.109
862	1023775	46.19
863	1022739	184.754
864	1018017	755.497
865	1055881	756.533
866	1022733	36.1
867	1042723	9.757
868	1056049	71.243
869	1036783	124.49
870	1072971	758.416
871	1020393	609.759
872	1064862	490.36
873	1063040	760.761
874	1052968	15.74
875	1052969	762.15
876	1007334	568.763
877	1000904	140.764
878	1068754	9.765
879	1000531	545.15
880	1069375	766.9
881	1023951	595.12
882	1017621	767.768
883	1042831	17.104
884	1042832	79.769
885	1012720	70.770
886	1047297	771.443
887	1043522	243.242
888	1052360	460.3
889	1055401	772.773
890	1068112	208.186
891	1031253	97.774
892	1031700	183.648
893	1027725	15.702
894	1012890	775.776
895	1005115	568.777
896	1075317	415.15
897	1029940	778.438
898	1075312	779.33
899	1075311	580.19
900	1054685	780.18
901	1011161	171.781
902	1063824	357.94
903	1030470	782.783
904	1036864	35.784
905	1055536	408.785
906	1040887	2.0
907	1040884	183.19
908	1011561	786.787
909	1063138	36.788
910	1042529	130.3
911	1061195	19.110
912	1040865	137.438
913	1075959	454.21
914	1040646	789.145
915	1055445	36.731
916	1060117	141.3
917	1034591	60.217
918	1026707	343.3
919	1000647	71.790
920	1034609	71.694
921	1069156	71.791
922	1020974	4.47
923	1011702	792.292
924	1069405	608.1
925	1034603	793.3
926	1012945	794.3
927	1047070	681.3
928	1018820	416.54
929	1047079	795.71
930	1034282	47.796
931	1075791	797.408
932	1060025	15.288
933	1039460	250.798
934	1057877	799.71
935	1065077	108.800
936	1051324	782.18
937	1014006	183.174
938	1030294	406.19
939	1054439	183.195
940	1010019	15.494
941	1040267	94.801
942	1074688	19.802
943	1010010	803.575
944	1013919	15.804
945	1026411	328.42
946	1016864	304.15
947	1056695	69.217
948	1008013	19.573
949	1061977	805.3
950	1010499	806.35
951	1075174	19.177
952	1019390	15.71
953	1033922	3.807
954	1061979	732.47
955	1063921	15.808
956	1057653	15.809
957	1066999	810.811
958	1034108	172.812
959	1023048	813.3
960	1041111	814.815
961	1015660	816.817
962	1055099	818.151
963	1040466	416.54
964	1014825	52.51
965	1041592	30.819
966	1070985	148.35
967	1077880	71.799
968	1047851	820.3
969	1051943	20.19
970	1051533	38.35
971	1050051	454.21
972	1058097	277.821
973	1009273	242.822
974	1009270	435.823
975	1036199	145.824
976	1014622	825.826
977	1040518	70.827
978	1004015	828.475
979	1078710	829.3
980	1005019	830.15
981	1001065	454.21
982	1073349	148.831
983	1055347	15.832
984	1057490	833.834
985	1058234	835.836
986	1002262	410.196
987	1024677	326.19
988	1076045	253.76
989	1005768	759.3
990	1032344	80.51
991	1028372	837.838
992	1032341	241.195
993	1049464	232.839
994	1035562	406.19
995	1062278	452.840
996	1021605	718.76
997	1045352	252.9
998	1007471	146.145
999	1076137	267.841
1000	1048930	51.504
1001	1048931	358.3
1002	1048423	842.223
1003	1076598	148.843
1004	1006301	140.844
1005	1052178	435.845
1006	1028714	235.236
1007	1074178	97.846
1008	1046738	15.847
1009	1077621	799.504
1010	1052778	596.19
1011	1022334	242.848
1012	1025384	849.70
1013	1001848	511.70
1014	1024701	850.57
1015	1001685	851.852
1016	1071800	853.165
1017	1044994	31.163
1018	1032501	79.854
1019	1042006	855.299
1020	1076685	71.856
1021	1072368	681.3
1022	1025251	42.857
1023	1009693	858.859
1024	1007928	250.798
1025	1004329	32.97
1026	1012401	860.217
1027	1012407	183.15
1028	1022702	490.36
1029	1028008	861.3
1030	1062988	19.862
1031	1006419	77.15
1032	1006418	242.260
1033	1003136	626.863
1034	1003133	574.9
1035	1042225	438.864
1036	1016523	835.865
1037	1062694	271.866
1038	1023614	452.867
1039	1071241	502.503
1040	1029159	835.868
1041	1066394	869.870
1042	1052990	671.36
1043	1007323	47.871
1044	1022147	872.873
1045	1007325	816.94
1046	1033826	702.15
1047	1056055	135.874
1048	1042820	36.875
1049	1052424	49.876
1050	1025723	15.877
1051	1025721	479.480
1052	1046117	15.109
1053	1039079	148.217
1054	1025137	77.15
1055	1019943	28.186
1056	1019945	404.15
1057	1024928	379.47
1058	1031248	558.9
1059	1010845	69.217
1060	1064115	430.80
1061	1034760	79.878
1062	1064841	160.36
1063	1000251	312.1
1064	1054691	71.879
1065	1059769	452.880
1066	1044177	71.703
1067	1026628	355.51
1068	1068308	253.76
1069	1073749	17.18
1070	1038619	87.15
1071	1068301	80.881
1072	1012379	511.882
1073	1006635	883.884
1074	1006639	885.242
1075	1030442	87.15
1076	1064205	886.12
1077	1046209	49.887
1078	1046202	97.888
1079	1021056	236.889
1080	1023357	890.71
1081	1037121	159.15
1082	1024810	144.891
1083	1031818	892.893
1084	1045827	304.15
1085	1069781	15.190
1086	1040673	894.18
1087	1034349	895.35
1088	1014808	379.80
1089	1025820	896.18
1090	1054744	145.897
1091	1007459	184.344
1092	1011662	53.3
1093	1037357	418.28
1094	1030153	107.898
1095	1010714	15.804
1096	1064068	49.887
1097	1075764	399.68
1098	1004249	899.153
1099	1027917	900.12
1100	1014529	243.242
1101	1065335	304.15
1102	1019232	901.828
1103	1041616	902.903
1104	1061367	42.328
1105	1060768	904.47
1106	1033248	315.19
1107	1037587	59.905
1108	1044203	387.906
1109	1037589	166.907
1110	1040211	908.153
1111	1040215	463.58
1112	1074364	177.19
1113	1040186	15.909
1114	1061964	134.910
1115	1041855	911.3
1116	1050339	175.35
1117	1030620	15.912
1118	1061746	913.22
1119	1023246	58.116
1120	1022632	571.1
1121	1059204	17.914
1122	1004821	19.311
1123	1004795	829.3
1124	1066217	915.223
1125	1058154	3.916
1126	1036290	772.917
1127	1015123	918.919
1128	1036297	64.80
1129	1041104	49.36
1130	1027280	311.19
1131	1040695	668.195
1132	1073518	920.921
1133	1051193	922.1
1134	1071187	431.923
1135	1056733	328.42
1136	1041585	924.925
1137	1015403	321.926
1138	1059378	376.186
1139	1008869	80.927
1140	1001896	98.928
1141	1013380	929.930
1142	1013890	80.630
1143	1032197	931.3
1144	1036478	932.933
1145	1009255	21.934
1146	1004956	107.935
1147	1065931	936.236
1148	1015729	295.937
1149	1004554	338.438
1150	1077328	342.938
1151	1003908	939.3
1152	1072606	134.940
1153	1055355	941.882
1154	1005576	79.942
1155	1058200	771.446
1156	1077506	611.19
1157	1005755	357.94
1158	1072554	19.923
1159	1024666	15.723
1160	1005207	546.943
1161	1006881	166.944
1162	1057269	54.446
1163	1006884	165.272
1164	1002253	97.127
1165	1001895	235.236
1166	1049476	71.245
1167	1049477	343.3
1168	1013094	712.15
1169	1005681	945.12
1170	1036613	431.21
1171	1058845	159.239
1172	1058844	242.946
1173	1024060	947.3
1174	1048411	346.3
1175	1035974	948.217
1176	1027989	211.3
1177	1025623	42.949
1178	1003232	267.950
1179	1071476	53.3
1180	1035758	951.952
1181	1076277	134.463
1182	1035997	71.245
1183	1024249	953.71
1184	1050929	15.372
1185	1044671	954.195
1186	1001697	955.3
1187	1020009	315.956
1188	1048672	326.19
1189	1020006	957.217
1190	1032570	32.97
1191	1013369	80.438
1192	1023595	958.21
1193	1042039	22.3
1194	1072399	42.949
1195	1042035	6.959
1196	1039544	795.823
1197	1049070	510.3
1198	1023598	820.3
1199	1043613	271.960
1200	1017422	40.3
1201	1042580	435.294
1202	1003140	169.961
1203	1060822	478.3
1204	1062991	17.3
1205	1003694	90.47
1206	1025533	308.3
1207	1053741	15.962
1208	1019833	963.28
1209	1063027	184.964
1210	1032400	965.615
1211	1067019	817.59
1212	1029149	242.966
1213	1023624	102.967
1214	1062514	718.76
1215	1071270	165.968
1216	1007862	505.35
1217	1007864	969.3
1218	1067279	4.970
1219	1022158	26.3
1220	1023975	971.9
1221	1016062	107.3
1222	1016061	107.3
1223	1061239	15.972
1224	1068579	15.973
1225	1025753	135.3
1226	1067782	974.33
1227	1054917	975.3
1228	1019959	976.838
1229	1039068	476.195
1230	1010349	273.3
1231	1006531	29.30
1232	1021193	124.49
1233	1039060	203.3
1234	1028925	364.977
1235	1007914	978.979
1236	1067305	149.148
1237	1043182	19.980
1238	1012380	177.19
1239	1007918	15.981
1240	1012560	982.22
1241	1012561	15.983
1242	1034759	379.80
1243	1026871	984.35
1244	1069227	346.3
1245	1027876	140.985
1246	1051440	986.199
1247	1019485	987.71
1248	1019486	988.9
1249	1008265	989.210
1250	1007590	990.22
1251	1044342	242.991
1252	1044347	15.992
1253	1006624	993.195
1254	1015867	15.51
1255	1015864	994.217
1256	1019715	995.134
1257	1019716	557.165
1258	1031184	186.996
1259	1030451	47.88
1260	1008469	997.217
1261	1064271	998.217
1262	1000803	94.109
1263	1064275	999.1000
1264	1046276	346.217
1265	1039197	140.544
1266	1051524	245.71
1267	1045834	292.145
1268	1066934	799.71
1269	1020959	53.28
1270	1069138	803.104
1271	1068403	134.710
1272	1026278	3.51
1273	1015499	15.1001
1274	1007667	79.1002
1275	1048529	19.1003
1276	1054776	431.3
1277	1012962	80.789
1278	1056501	17.18
1279	1030054	1004.28
1280	1030052	835.1005
1281	1019009	498.9
1282	1075776	297.71
1283	1075771	19.1006
1284	1065258	1007.12
1285	1060595	1008.71
1286	1014029	41.239
1287	1060774	1009.151
1288	1060779	1010.3
1289	1041622	15.87
1290	1034937	1011.1012
1291	1011034	15.1013
1292	1008074	963.28
1293	1055185	107.3
1294	1055184	107.3
1295	1055187	107.1014
1296	1055186	107.3
1297	1034248	1015.15
1298	1016845	242.1016
1299	1041823	739.954
1300	1057925	354.30
1301	1050324	47.871
1302	1021847	328.42
1303	1059419	53.1017
1304	1018260	186.28
1305	1036067	1018.1019
1306	1041482	15.77
1307	1004760	376.186
1308	1037048	1020.19
1309	1014738	1021.3
1310	1045120	1022.9
1311	1015133	452.1023
1312	1014737	1024.1025
1313	1054583	1026.371
1314	1040681	1027.12
1315	1066510	466.1028
1316	1038312	15.1029
1317	1078017	1030.408
1318	1074732	134.108
1319	1018192	1031.153
1320	1018664	517.3
1321	1073708	22.1032
1322	1013396	599.3
1323	1075717	31.9
1324	1041007	502.503
1325	1001198	1033.57
1326	1041003	708.1034
1327	1041550	166.1035
1328	1001193	28.1036
1329	1014359	1037.9
1330	1021990	232.12
1331	1040538	230.19
1332	1005561	28.15
1333	1048712	19.311
1334	1040532	94.150
1335	1027818	71.588
1336	1070897	140.1038
1337	1023860	71.1039
1338	1003972	1040.1041
1339	1053174	240.71
1340	1077043	824.19
1341	1049463	242.1042
1342	1072015	339.1043
1343	1053914	1044.1045
1344	1076067	475.1046
1345	1072541	282.283
1346	1073386	9.1047
1347	1073384	1048.553
1348	1073383	292.3
1349	1059632	59.438
1350	1045334	15.87
1351	1057104	1049.9
1352	1039840	1050.1
1353	1077196	1051.19
1354	1005692	19.229
1355	1033561	28.1052
1356	1028553	440.1053
1357	1005360	406.19
1358	1013136	416.1054
1359	1023293	46.19
1360	1023295	2.1
1361	1077428	30.1055
1362	1060044	762.15
1363	1029340	718.76
1364	1053354	15.1056
1365	1003204	1057.1058
1366	1071463	36.1059
1367	1070775	1060.3
1368	1021529	1061.19
1369	1024726	1062.70
1370	1039208	1063.71
1371	1048147	326.19
1372	1029739	1064.1065
1373	1013371	1066.560
1374	1045247	6.1067
1375	1045246	1068.299
1376	1013378	184.1069
1377	1042027	250.15
1378	1012171	530.22
1379	1043373	743.9
1380	1055985	1070.35
1381	1076640	71.1071
1382	1028805	338.15
1383	1038957	554.3
1384	1038487	15.174
1385	1046680	327.9
1386	1053759	376.186
1387	1021456	1072.1073
1388	1049629	21.223
1389	1035326	250.1074
1390	1044827	80.586
1391	1044823	151.444
1392	1003373	17.1075
1393	1043579	1076.1077
1394	1060962	15.87
1395	1007059	218.171
1396	1029197	933.1078
1397	1010866	116.1079
1398	1045662	1080.1081
1399	1026880	3.1082
1400	1026884	784.35
1401	1029041	619.19
1402	1062144	717.35
1403	1067669	323.9
1404	1029513	184.1083
1405	1049136	4.47
1406	1067666	15.1084
1407	1055895	1085.1086
1408	1062148	346.3
1409	1027841	1087.408
1410	1029003	19.145
1411	1077427	1088.1089
1412	1034747	1090.71
1413	1064864	250.1091
1414	1000900	1092.1093
1415	1008452	107.3
1416	1006614	79.374
1417	1008459	49.1094
1418	1052242	31.71
1419	1052241	1095.1096
1420	1052245	1097.40
1421	1001057	15.626
1422	1069301	109.15
1423	1000870	97.774
1424	1034106	454.21
1425	1021273	19.198
1426	1016272	379.47
1427	1061929	1098.71
1428	1046265	53.1099
1429	1046267	1100.9
1430	1027602	42.949
1431	1011731	420.663
1432	1027608	326.19
1433	1037101	267.569
1434	1010607	135.3
1435	1045806	766.1101
1436	1038125	1102.1103
1437	1016292	326.19
1438	1022210	339.1
1439	1055629	390.19
1440	1040053	1104.3
1441	1007479	70.1105
1442	1002980	326.19
1443	1024526	108.134
1444	1022187	46.19
1445	1057843	15.438
1446	1033829	32.1025
1447	1036806	660.872
1448	1054762	80.1106
1449	1033825	1100.9
1450	1045934	339.3
1451	1075743	1107.71
1452	1003013	80.19
1453	1008934	1108.80
1454	1074683	1109.1110
1455	1033226	37.36
1456	1010512	15.912
1457	1070711	435.920
1458	1034922	454.21
1459	1055199	475.68
1460	1034928	568.3
1461	1069059	376.186
1462	1038012	277.35
1463	1064885	1111.371
1464	1038010	257.3
1465	1018291	1112.130
1466	1033919	151.504
1467	1075905	9.1113
1468	1070154	1114.1115
1469	1037691	242.794
1470	1018980	22.1116
1471	1047138	1117.1118
1472	1041127	1119.1120
1473	1021856	1063.71
1474	1059406	166.3
1475	1013416	706.21
1476	1037079	1121.1122
1477	1013410	1123.19
1478	1041128	1124.49
1479	1051449	199.9
1480	1015104	1125.22
1481	1036274	49.1126
1482	1033778	872.1127
1483	1020587	1128.674
1484	1045597	184.185
1485	1074234	1129.3
1486	1004376	1130.22
1487	1059277	1131.19
1488	1066833	58.116
1489	1004118	872.873
1490	1004973	326.19
1491	1032770	65.1132
1492	1013568	21.271
1493	1069935	1133.826
1494	1071384	786.616
1495	1036413	1134.47
1496	1050006	1135.21
1497	1059537	816.19
1498	1015748	1136.19
1499	1051841	1137.217
1500	1027330	145.80
1501	1040542	438.1138
1502	1020459	1129.1139
1503	1058131	754.1140
1504	1074659	288.15
1505	1078488	1.294
1506	1001985	1141.186
1507	1035517	963.28
1508	1053109	15.1142
1509	1058260	31.18
1510	1002507	376.186
1511	1013987	94.109
1512	1048182	1143.267
1513	1032319	931.821
1514	1045323	1144.628
1515	1057444	76.1145
1516	1069846	71.1146
1517	1032085	79.1147
1518	1021677	190.15
1519	1005358	1148.70
1520	1016336	558.327
1521	1058869	702.15
1522	1005354	19.1123
1523	1058681	379.1149
1524	1005353	1150.363
1525	1076105	116.1151
1526	1072447	53.28
1527	1024733	346.3
1528	1006332	80.586
1529	1034416	153.1152
1530	1025355	506.974
1531	1006991	21.1153
1532	1056883	1154.15
1533	1020022	1155.297
1534	1058661	284.9
1535	1057599	1156.94
1536	1031423	890.217
1537	1058669	304.94
1538	1011904	134.558
1539	1029723	15.1157
1540	1077597	145.828
1541	1028122	3.163
1542	1076811	194.195
1543	1042434	545.1158
1544	1038492	323.466
1545	1008660	211.3
1546	1028052	828.1159
1547	1052528	80.817
1548	1034905	123.1
1549	1054725	175.35
1550	1038949	97.1160
1551	1077702	799.12
1552	1077701	236.349
1553	1056081	299.644
1554	1056080	299.644
1555	1076654	1044.1161
1556	1063796	142.371
1557	1076650	1162.3
1558	1067070	681.3
1559	1039300	79.1163
1560	1019858	9.1164
1561	1002299	253.76
1562	1035333	135.3
1563	1017084	476.828
1564	1007305	497.22
1565	1071921	346.3
1566	1042168	454.21
1567	1017064	1165.1166
1568	1043562	57.940
1569	1017061	593.22
1570	1029474	9.826
1571	1029475	1167.402
1572	1016595	105.106
1573	1025176	850.57
1574	1073276	36.160
1575	1047416	12.1168
1576	1052411	15.16
1577	1050336	15.1169
1578	1072847	244.3
1579	1006197	454.21
1580	1029056	475.828
1581	1007246	853.165
1582	1029983	1170.575
1583	1026674	1018.3
1584	1023825	364.15
1585	1064630	749.1171
1586	1031526	708.1172
1587	1043419	33.97
1588	1054807	15.1173
1589	1043416	15.506
1590	1012611	79.1147
1591	1031857	64.80
1592	1026070	438.1174
1593	1042783	1175.1176
1594	1078165	15.1177
1595	1043093	304.94
1596	1031459	813.408
1597	1034138	15.1056
1598	1034136	166.1178
1599	1060204	3.1179
1600	1063754	94.150
1601	1020930	69.217
1602	1031146	1044.393
1603	1030328	36.1180
1604	1064740	1181.1182
1605	1051507	1183.1184
1606	1065127	1185.9
1607	1061155	151.1186
1608	1037441	984.35
1609	1001174	657.3
1610	1032419	358.3
1611	1054719	1187.393
1612	1000594	53.28
1613	1046320	84.1188
1614	1016627	250.400
1615	1060371	1189.151
1616	1065239	215.1190
1617	1075284	323.9
1618	1062729	1191.471
1619	1034259	19.177
1620	1015020	1192.1193
1621	1030920	1194.15
1622	1069507	545.15
1623	1065341	1195.1196
1624	1034262	1197.9
1625	1011051	36.156
1626	1049059	175.1198
1627	1069590	869.195
1628	1000280	15.1199
1629	1030164	107.3
1630	1034797	1200.35
1631	1070380	752.13
1632	1025989	828.145
1633	1016827	47.161
1634	1010615	315.19
1635	1047120	1201.19
1636	1027587	407.9
1637	1070410	19.311
1638	1070147	109.15
1639	1045818	19.329
1640	1037060	702.71
1641	1014750	138.1202
1642	1070360	123.3
1643	1059431	19.406
1644	1073143	416.177
1645	1050471	19.311
1646	1014978	1203.3
1647	1036798	15.1204
1648	1014192	15.74
1649	1036793	71.813
1650	1036243	565.564
1651	1010472	592.1
1652	1052829	1013.15
1653	1054365	911.1205
1654	1023000	345.217
1655	1007754	297.1206
1656	1010189	159.15
1657	1027030	504.1207
1658	1073544	362.217
1659	1077847	15.1208
1660	1061847	159.771
1661	1074084	379.80
1662	1038379	1209.15
1663	1061843	162.1210
1664	1018881	1211.9
1665	1056707	36.1212
1666	1033144	1213.1214
1667	1059503	42.1215
1668	1032762	1031.153
1669	1032760	15.1216
1670	1032945	6.1217
1671	1033148	571.3
1672	1032764	979.28
1673	1014374	939.3
1674	1064298	575.576
1675	1041578	977.953
1676	1040698	1218.1219
1677	1070963	43.79
1678	1020441	137.3
1679	1063852	326.19
1680	1074660	431.3
1681	1057616	1220.35
1682	1011216	97.598
1683	1007347	1221.71
1684	1049561	791.94
1685	1038208	70.15
1686	1008949	79.374
1687	1077069	71.1222
1688	1008941	31.70
1689	1058276	1223.1224
1690	1011827	15.1225
1691	1009094	376.186
1692	1066008	254.19
1693	1001737	43.99
1694	1052203	717.1226
1695	1039826	1227.217
1696	1014578	780.18
1697	1021880	69.217
1698	1069857	21.1228
1699	1041375	15.1229
1700	1009529	15.830
1701	1054384	134.1230
1702	1054380	402.1231
1703	1003828	304.94
1704	1058874	31.1232
1705	1004128	76.1233
1706	1072632	28.94
1707	1005655	15.1234
1708	1024217	564.1235
1709	1002607	116.1236
1710	1028596	15.190
1711	1077668	1237.1238
1712	1042567	872.184
1713	1001885	52.440
1714	1058679	148.3
1715	1013223	184.754
1716	1062309	47.1239
1717	1057227	36.1240
1718	1045262	379.1241
1719	1039907	413.9
1720	1053933	791.94
1721	1009147	109.1242
1722	1002513	593.22
1723	1034067	416.93
1724	1009149	497.164
1725	1022839	251.68
1726	1056097	1243.408
1727	1038977	1244.1245
1728	1038979	487.94
1729	1077717	80.1246
1730	1077710	157.15
1731	1056405	71.1247
1732	1058519	162.3
1733	1067049	1248.140
1734	1071931	15.1249
1735	1039315	766.22
1736	1063540	1250.15
1737	1062018	901.475
1738	1039311	533.1251
1739	1049337	80.586
1740	1007073	1252.79
1741	1065565	1253.438
1742	1035117	476.828
1743	1043551	321.299
1744	1006073	835.1254
1745	1028916	564.565
1746	1022341	124.49
1747	1022343	15.1255
1748	1003000	1256.1167
1749	1056144	1257.71
1750	1017180	1092.1258
1751	1010888	52.51
1752	1051674	702.106
1753	1016454	28.15
1754	1043312	299.1259
1755	1012117	454.21
1756	1029068	250.1260
1757	1037891	308.3
1758	1012114	830.15
1759	1062168	15.1261
1760	1012307	46.19
1761	1020537	15.131
1762	1026065	670.157
1763	1054816	295.1025
1764	1071153	109.1262
1765	1055548	15.1263
1766	1016807	135.3
1767	1016057	107.3
1768	1074789	19.1264
1769	1067997	244.35
1770	1016053	107.3
1771	1023907	376.186
1772	1060893	69.217
1773	1000856	1265.186
1774	1016058	107.1266
1775	1069451	105.106
1776	1034653	195.183
1777	1020905	385.1267
1778	1008592	1268.1269
1779	1026208	53.217
1780	1022232	94.150
1781	1011228	0.1
1782	1012242	525.130
1783	1018872	80.430
1784	1022238	1270.28
1785	1007492	1271.19
1786	1074525	97.1272
1787	1047205	653.79
1788	1009891	561.80
1789	1016631	22.1273
1790	1054899	490.36
1791	1034011	1274.9
1792	1030554	554.1226
1793	1036929	1275.440
1794	1065750	79.1276
1795	1027488	22.3
1796	1022936	452.333
1797	1040965	561.19
1798	1015584	343.3
1799	1037278	1245.1277
1800	1065579	183.15
1801	1015349	70.1278
1802	1034279	47.796
1803	1034274	49.36
1804	1015343	69.71
1805	1069071	166.1279
1806	1068856	1147.80
1807	1026686	42.328
1808	1012802	602.1280
1809	1054633	630.80
1810	1016832	1281.71
1811	1018479	1282.71
1812	1045862	452.1283
1813	1077248	511.59
1814	1061140	151.109
1815	1055357	69.35
1816	1070175	1284.1092
1817	1075432	15.288
1818	1061216	1285.19
1819	1070358	1286.15
1820	1019308	145.86
1821	1015699	15.77
1822	1027002	571.3
1823	1050640	718.76
1824	1014189	343.1287
1825	1024665	1288.371
1826	1074258	1289.3
1827	1026534	523.1290
1828	1000144	561.80
1829	1030171	1291.97
1830	1037785	250.1292
1831	1059332	1293.410
1832	1053752	242.1294
1833	1059330	27.610
1834	1059336	1295.70
1835	1013502	1296.1
1836	1059040	1297.35
1837	1077279	1298.1299
1838	1002523	454.21
1839	1017779	828.1300
1840	1032937	1301.33
1841	1046883	36.49
1842	1015767	1302.923
1843	1008698	9.1200
1844	1069915	1303.1304
1845	1059197	19.1305
1846	1072739	45.293
1847	1027319	1306.382
1848	1005534	1162.3
1849	1065970	835.1307
1850	1065977	1308.504
1851	1057601	850.165
1852	1070598	244.415
1853	1032335	71.1061
1854	1035478	1309.1
1855	1048857	1310.217
1856	1034741	49.1311
1857	1031354	514.1
1858	1070820	47.705
1859	1033790	1018.3
1860	1035475	523.1
1861	1023482	71.1312
1862	1014561	22.1313
1863	1069862	308.3
1864	1041366	148.1314
1865	1077474	1315.9
1866	1072607	16.15
1867	1058804	80.1316
1868	1077655	304.497
1869	1005660	116.1317
1870	1072462	681.3
1871	1006190	882.1318
1872	1025373	183.195
1873	1009777	31.3
1874	1077129	1040.19
1875	1077497	452.1319
1876	1077492	1121.3
1877	1024599	1320.446
1878	1047685	681.3
1879	1053634	466.1321
1880	1077499	230.304
1881	1066108	476.1322
1882	1058245	15.1323
1883	1005242	1324.3
1884	1076013	712.15
1885	1009177	21.1325
1886	1048524	326.71
1887	1048526	1326.22
1888	1028853	396.1327
1889	1003163	558.9
1890	1025576	15.1328
1891	1028540	570.35
1892	1076638	1329.3
1893	1019877	1140.754
1894	1055976	253.76
1895	1053709	901.374
1896	1013032	1330.35
1897	1046653	9.331
1898	1031917	559.506
1899	1023668	116.293
1900	1023467	1175.9
1901	1005279	124.49
1902	1042149	116.1331
1903	1012586	1332.3
1904	1049323	1333.9
1905	1052380	253.76
1906	1042894	151.1334
1907	1003387	376.186
1908	1012032	326.19
1909	1039020	1175.9
1910	1002013	963.28
1911	1031034	15.1335
1912	1019917	236.1336
1913	1008732	1337.35
1914	1052477	3.1338
1915	1010898	1.1339
1916	1028077	47.1340
1917	1017465	245.71
1918	1034967	1341.15
1919	1062177	1342.71
1920	1012637	1.1343
1921	1016486	141.3
1922	1044656	626.1344
1923	1023066	1345.47
1924	1047325	21.1346
1925	1066808	1347.80
1926	1012616	813.1348
1927	1052074	1349.1350
1928	1063190	835.1351
1929	1067980	1286.15
1930	1007824	71.554
1931	1007391	1352.415
1932	1067236	1353.295
1933	1042419	195.1354
1934	1063971	653.79
1935	1021224	22.1355
1936	1026942	304.94
1937	1000624	1356.932
1938	1064766	3.1357
1939	1039487	502.503
1940	1012256	116.1358
1941	1012250	626.1344
1942	1022229	180.3
1943	1016930	1359.295
1944	1012929	15.87
1945	1011215	476.195
1946	1029891	1360.15
1947	1069660	184.1361
1948	1047218	226.227
1949	1057892	1362.71
1950	1007625	64.80
1951	1027832	166.1363
1952	1062193	1364.438
1953	1044499	15.314
1954	1034066	717.19
1955	1000930	49.601
1956	1049686	15.313
1957	1041452	19.554
1958	1065563	71.506
1959	1061043	79.326
1960	1040970	51.1
1961	1055701	1365.3
1962	1016806	1236.116
1963	1011673	1366.116
1964	1060531	19.1367
1965	1015356	87.15
1966	1064014	165.968
1967	1039572	242.1368
1968	1018408	1369.1
1969	1030307	217.1370
1970	1038688	114.1371
1971	1039771	177.19
1972	1075392	1372.3
1973	1029370	38.35
1974	1066485	80.151
1975	1051492	257.35
1976	1050658	843.22
1977	1066663	1373.9
1978	1077867	284.1
1979	1034847	1374.15
1980	1008145	148.1375
1981	1014173	497.12
1982	1055015	583.1376
1983	1026547	1369.3
1984	1020547	183.195
1985	1074263	244.415
1986	1038196	1350.1377
1987	1051386	1378.932
1988	1002958	626.1379
1989	1061684	15.401
1990	1002954	295.819
1991	1002955	109.15
1992	1050256	195.1380
1993	1061461	1381.1382
1994	1059074	408.15
1995	1077260	97.1383
1996	1061468	59.612
1997	1023322	71.1384
1998	1010300	1037.501
1999	1014310	1385.71
2000	1033414	350.163
2001	1040771	130.1386
2002	1005521	376.186
2003	1041684	76.526
2004	1056616	1387.35
2005	1055128	297.3
2006	1008094	15.1388
2007	1033098	408.217
2008	1041992	431.3
2009	1057142	1389.371
2010	1054001	30.1390
2011	1070801	1391.217
2012	1072295	15.1392
2013	1039809	1393.9
2014	1074841	602.1394
2015	1013208	1299.1184
2016	1047927	124.49
2017	1033638	1117.1395
2018	1005411	273.3
2019	1005193	1040.19
2020	1048441	1387.35
2021	1051928	80.379
2022	1055236	15.804
2023	1009381	135.3
2024	1014080	829.3
2025	1053623	152.1378
2026	1024765	19.1396
2027	1044038	1397.1
2028	1077139	1398.71
2029	1002375	497.1399
2030	1062363	1400.1401
2031	1045201	19.291
2032	1072189	1402.18
2033	1045208	702.106
2034	1005381	267.569
2035	1057092	724.116
2036	1057095	817.80
2037	1020679	4.19
2038	1020670	53.1403
2039	1058251	539.71
2040	1002574	314.15
2041	1005255	1404.1
2042	1012564	1405.19
2043	1008962	497.164
2044	1072508	1406.3
2045	1009160	172.3
2046	1042557	308.3
2047	1028842	97.1407
2048	1028843	98.13
2049	1003155	963.186
2050	1062960	597.151
2051	1029791	346.3
2052	1029795	159.1408
2053	1029794	295.1409
2054	1053246	245.3
2055	1053711	79.374
2056	1053249	42.949
2057	1017213	1410.754
2058	1029649	1024.1411
2059	1071958	465.3
2060	1018638	1412.71
2061	1076289	116.1413
2062	1028201	1414.9
2063	1076280	19.368
2064	1022556	1415.15
2065	1076285	1416.70
2066	1038656	1417.523
2067	1042333	69.35
2068	1043201	1418.568
2069	1043200	51.338
2070	1017522	1419.214
2071	1068052	1420.1421
2072	1012006	15.981
2073	1025414	1422.1423
2074	1039017	312.21
2075	1024785	94.19
2076	1005873	19.1424
2077	1003692	47.19
2078	1056164	162.106
2079	1053405	79.1425
2080	1049957	1117.1395
2081	1044912	183.195
2082	1012135	183.446
2083	1017452	379.1426
2084	1071173	1185.21
2085	1017145	15.51
2086	1017143	142.1427
2087	1071177	1428.19
2088	1012319	25.36
2089	1013638	1429.1092
2090	1012485	71.1430
2091	1022783	1431.1432
2092	1007709	80.1433
2093	1006120	21.123
2094	1012489	608.1
2095	1022916	416.1434
2096	1021019	1247.71
2097	1016033	476.828
2098	1062611	85.188
2099	1020329	15.1435
2100	1063741	30.1055
2101	1016920	106.1436
2102	1016929	1437.295
2103	1000892	593.207
2104	1069678	1293.694
2105	1034479	568.1438
2106	1057881	159.15
2107	1056574	416.338
2108	1031956	51.15
2109	1034470	159.71
2110	1014496	1224.47
2111	1015961	15.804
2112	1019076	1271.19
2113	1027808	840.626
2114	1011680	141.142
2115	1030575	312.21
2116	1027802	1439.28
2117	1051663	1440.3
2118	1061058	1441.1442
2119	1011067	404.15
2120	1027159	15.1443
2121	1065003	79.140
2122	1030200	42.1444
2123	1074472	9.1445
2124	1016814	47.48
2125	1026317	1446.3
2126	1015367	1194.3
2127	1065486	990.1401
2128	1065485	245.71
2129	1002815	79.1447
2130	1002810	36.1448
2131	1041057	1449.546
2132	1056284	116.1450
2133	1015144	159.15
2134	1065299	1451.47
2135	1014763	15.1452
2136	1070331	1143.217
2137	1018237	1103.1453
2138	1069704	4.71
2139	1034500	1301.15
2140	1051714	21.1454
2141	1051715	476.145
2142	1023253	109.444
2143	1000364	15.87
2144	1027977	1455.19
2145	1055234	1456.1457
2146	1047001	77.15
2147	1075079	1458.1459
2148	1001013	24.35
2149	1070246	717.19
2150	1059069	19.1460
2151	1001147	1461.1349
2152	1040589	1462.1227
2153	1050286	49.37
2154	1023314	69.217
2155	1050532	1463.217
2156	1041507	446.1464
2157	1054448	718.76
2158	1014090	519.3
2159	1059444	1136.19
2160	1033086	47.1465
2161	1056979	376.186
2162	1022825	1466.88
2163	1056973	1467.3
2164	1009285	608.1
2165	1072260	1468.15
2166	1047919	19.1469
2167	1000165	79.396
2168	1069805	54.217
2169	1058825	1115.1470
2170	1027204	46.19
2171	1051931	1267.145
2172	1009577	418.28
2173	1001560	183.195
2174	1048496	36.51
2175	1059384	619.19
2176	1059717	19.589
2177	1001360	42.949
2178	1001361	134.108
2179	1045218	76.1471
2180	1002142	407.416
2181	1024570	1472.1473
2182	1024572	277.19
2183	1048543	1025.1474
2184	1048014	435.436
2185	1041238	71.1475
2186	1014434	680.1325
2187	1049016	42.949
2188	1049017	35.1476
2189	1024171	24.506
2190	1072067	463.80
2191	1072316	752.13
2192	1003148	328.42
2193	1025559	478.396
2194	1076617	494.648
2195	1038984	36.156
2196	1006460	1187.393
2197	1072319	1477.49
2198	1028780	6.3
2199	1045566	272.1478
2200	1028270	124.49
2201	1067728	243.242
2202	1071981	1479.102
2203	1067096	1480.1481
2204	1017848	70.1482
2205	1048535	712.15
2206	1002039	1483.1484
2207	1006003	42.123
2208	1042633	73.3
2209	1025135	306.134
2210	1020241	175.35
2211	1049165	15.71
2212	1049944	475.145
2213	1062971	1485.12
2214	1017334	1486.3
2215	1028095	1362.326
2216	1068606	134.1487
2217	1026036	1337.9
2218	1026035	42.1488
2219	1060294	134.324
2220	1029326	3.1489
2221	1029322	36.1490
2222	1022799	94.109
2223	1007733	1130.1259
2224	1048539	872.1491
2225	1055823	30.1492
2226	1022023	36.156
2227	1006486	199.51
2228	1028894	1044.1032
2229	1056023	717.1226
2230	1064566	449.3
2231	1047585	93.19
2232	1046290	41.71
2233	1047588	64.80
2234	1052055	1493.759
2235	1021209	49.1494
2236	1033364	1031.153
2237	1071745	1495.217
2238	1015059	410.195
2239	1063223	304.94
2240	1062608	895.35
2241	1063736	15.86
2242	1016003	1496.1
2243	1016953	47.1497
2244	1064707	466.1498
2245	1031106	435.1499
2246	1034449	1500.3
2247	1054717	718.76
2248	1007601	826.49
2249	1000888	194.195
2250	1022240	19.406
2251	1012274	145.1501
2252	1012272	397.398
2253	1075249	19.348
2254	1075371	1502.3
2255	1006737	135.3
2256	1000139	415.15
2257	1006732	545.15
2258	1067973	15.1503
2259	1008121	1504.35
2260	1000952	1136.19
2261	1046164	184.185
2262	1069249	1505.71
2263	1060333	454.21
2264	1064017	1506.544
2265	1015375	1507.774
2266	1051659	19.79
2267	1037534	936.236
2268	1012363	109.80
2269	1065010	312.1508
2270	1025562	135.3
2271	1068259	416.93
2272	1072985	967.1484
2273	1027786	0.1
2274	1044107	242.946
2275	1000773	80.1147
2276	1010785	396.15
2277	1060196	19.1509
2278	1036766	610.759
2279	1068866	681.3
2280	1030699	570.9
2281	1037401	15.1510
2282	1061118	346.3
2283	1030366	142.3
2284	1039752	53.1511
2285	1056295	1512.1513
2286	1039750	30.1514
2287	1036763	1515.42
2288	1040351	144.891
2289	1033325	1516.134
2290	1078146	22.3
2291	1066462	328.42
2292	1066463	124.49
2293	1023045	24.70
2294	1034534	406.19
2295	1051231	77.15
2296	1072989	19.144
2297	1043910	151.354
2298	1032967	98.1517
2299	1078244	3.1518
2300	1042157	250.1519
2301	1022476	69.217
2302	1066609	148.71
2303	1018114	17.71
2304	1032126	454.21
2305	1041532	108.1520
2306	1014339	15.1521
2307	1059016	124.49
2308	1004417	71.253
2309	1065943	1522.9
2310	1005930	1523.43
2311	1061642	199.80
2312	1050527	177.19
2313	1010322	17.1524
2314	1051349	597.1286
2315	1036116	308.3
2316	1011466	1525.70
2317	1078790	1526.3
2318	1000804	476.828
2319	1020407	243.242
2320	1018206	504.15
2321	1061242	148.35
2322	1038241	545.1527
2323	1073106	1528.333
2324	1066911	36.1240
2325	1073103	19.1201
2326	1004250	183.15
2327	1013225	142.1529
2328	1046172	107.1530
2329	1001775	1531.9
2330	1009290	1532.781
2331	1001779	390.615
2332	1033057	1533.3
2333	1059491	28.71
2334	1059490	452.1534
2335	1041408	15.1535
2336	1021684	1536.748
2337	1072673	31.299
2338	1067106	15.1537
2339	1027427	93.194
2340	1009368	17.70
2341	1008180	36.1538
2342	1008189	19.315
2343	1005619	900.22
2344	1032581	342.3
2345	1013646	1539.22
2346	1057508	435.823
2347	1001357	1540.12
2348	1001356	15.1541
2349	1035477	1.1542
2350	1053088	1543.22
2351	1062346	1544.3
2352	1066133	36.1545
2353	1062343	245.70
2354	1048007	838.1546
2355	1076320	49.36
2356	1054277	1547.1548
2357	1008988	1549.1550
2358	1009100	30.94
2359	1009105	626.840
2360	1056968	165.509
2361	1025238	1551.1552
2362	1076378	15.1301
2363	1025547	15.1553
2364	1046620	47.1224
2365	1005291	1092.1554
2366	1042153	19.1555
2367	1049688	277.1556
2368	1035614	1557.217
2369	1044842	3.1558
2370	1017238	416.722
2371	1032672	291.217
2372	1001911	346.35
2373	1045535	116.1559
2374	1074458	1252.19
2375	1013001	328.42
2376	1025243	215.1560
2377	1011882	850.57
2378	1028268	29.30
2379	1062297	702.1561
2380	1048173	614.1562
2381	1071405	80.1563
2382	1025434	1564.69
2383	1052932	77.15
2384	1052937	510.3
2385	1017839	217.1565
2386	1017788	752.13
2387	1003284	998.217
2388	1072899	149.148
2389	1002025	1551.22
2390	1042193	718.76
2391	1076574	236.1566
2392	1056102	345.1567
2393	1053463	484.9
2394	1067390	454.21
2395	1049190	328.42
2396	1029221	3.1568
2397	1044934	1569.19
2398	1042996	15.1570
2399	1000418	1571.416
2400	1043466	379.80
2401	1047370	15.678
2402	1056036	71.1071
2403	1038407	997.51
2404	1035129	97.316
2405	1052027	476.145
2406	1060852	1060.1572
2407	1017542	1573.1574
2408	1017541	338.1413
2409	1010915	826.15
2410	1045716	19.1040
2411	1045718	243.242
2412	1022497	1575.371
2413	1016764	19.1576
2414	1016941	157.1577
2415	1033831	15.1388
2416	1060298	1223.1578
2417	1038746	475.145
2418	1017851	80.430
2419	1038744	829.3
2420	1043008	49.1579
2421	1067976	447.766
2422	1012203	565.564
2423	1000564	1298.1580
2424	1055455	1581.1582
2425	1055453	1327.1583
2426	1006341	135.3
2427	1042843	486.1584
2428	1047787	1585.1586
2429	1015941	80.430
2430	1014385	479.480
2431	1015942	1587.1588
2432	1016306	1589.35
2433	1011462	476.195
2434	1016300	166.1590
2435	1031570	1591.71
2436	1031575	328.42
2437	1040104	119.25
2438	1025931	15.1592
2439	1076162	3.1593
2440	1051502	15.1013
2441	1044446	9.1387
2442	1011647	1594.3
2443	1002838	1595.134
2444	1043485	273.3
2445	1019431	525.130
2446	1040685	1596.19
2447	1054671	1597.15
2448	1053409	80.97
2449	1065159	1598.71
2450	1065156	71.1599
