1424797
1577965
3182419
3182418
2657443
1156540
3187420
1421310
1421311
4058848
1277728
3217173
2367635
1763394
1361250
4818567
1018925
1421318
1361259
1782390
2367638
2123757
1014622
3259828
3535330
4721864
3259827
2208826
1275271
3244068
2063325
1449978
1361256
1361257
2980266
1763398
3244065
1760020
3535331
1398474
3196342
1989660
1209675
2219913
1989665
1989664
1783680
1989666
1989669
3444644
1464377
1779134
2022615
4213235
1208584
1957086
1315430
3144293
2861257
2023961
2023967
2820419
2979110
1275983
4309710
4060460
1361780
2028438
1889399
3041941
2277526
3248617
2981990
1802770
1889390
1889396
1904361
2981997
2256323
3071493
4922651
1053562
1868317
4922654
4922655
2138608
4139666
4710833
3389977
4891252
1073031
1796919
1957735
1962570
4244682
3825795
1323106
1831990
1769322
1080649
3837117
1418280
1427260
1675501
1274149
1945276
1536255
4891012
1416289
2975856
4247881
4293302
1097515
2308050
1080818
1393905
1043466
4723735
1858458
1014623
2006723
1281871
4179746
1460350
3306619
4726765
1049207
1254011
1636269
3592822
3303985
2235929
1151129
2367639
1277727
1181787
1779132
1989662
1209673
2379678
1501256
1027776
1989661
1209674
1754022
1989667
1396636
1989668
2226073
2348812
1827096
2023962
1208588
1007296
2975917
1974208
1802771
1889395
1124856
2324317
2137651
1177989
3729187
4139669
3729188
4139664
1585644
1962573
3825794
4149124
1547074
1323102
1854595
3163562
2160436
1427268
2975850
2254647
4082737
4040655
1043463
2018179
1017165
2347761
3908782
3930210
3908780
1443203
2157213
1213321
2235925
2973453
4196772
1020934
1133991
1011647
1209672
1209671
1068259
1831781
1026793
1664600
2081594
1711751
1080019
1854593
1714086
4058867
1323108
2160437
1047376
2975854
3908784
2056592
1213325
3375868
1930893
4196771
3882250
1742552
1892291
3726785
3243041
1417379
1257542
3243044
3077447
4320831
4223801
3932515
5255848
2029955
1547144
4842475
4781305
1218013
1963783
3113046
1047370
1366787
1055852
1547466
1546232
3077443
3243043
3890093
1071405
2033809
4875703
1087547
3086499
1087541
2080679
3297095
1419412
1419414
4062213
2139157
3691357
1393473
1559634
4823658
4862752
1393477
2025128
2115922
1393478
1393909
1851949
3069627
1271188
1065024
1933517
1290615
1315814
3906362
1803968
1803967
3909786
3175195
3175192
3653149
1803961
3654491
2364814
1917816
4906053
2779708
1143271
3880092
2382433
1086106
3178741
1269972
3086497
1918532
2268009
3881787
1391866
3557854
2977580
3111278
2268001
1048553
1048552
1054073
2364815
1429419
1090875
1937078
2230573
2230572
1021861
1927440
1796914
2329001
1256075
1851946
1158415
1290613
1290612
3519874
2196852
1803963
3664725
3375411
3066913
3654494
2382432
3279306
4198063
4882350
1950836
1792116
2181493
1054071
3656432
1162840
1389946
1084812
1937076
4429779
1365534
1090877
3297098
1053869
1288911
1466742
1090876
1466741
4033420
1231231
1053864
1247939
3651117
3902315
4085283
1231234
3680630
1893987
1432628
1178197
3148173
4087950
1231236
3756718
1911852
3695207
3883670
1451751
4875706
3712876
2998520
1258538
2998524
3596216
1014207
3463653
1062405
2255184
3024954
3797800
1790986
1316426
1961855
5063547
1389945
1053861
4199673
3148170
3522965
1046430
1178194
1107531
4147637
1121019
2998522
3163316
1149612
1418951
1482358
1062404
1037148
1819595
1191199
1814344
1062407
1217531
1444835
1774221
1923827
1348140
1275680
3773007
3084916
1078986
3787852
4745419
3878817
4143009
1938422
1001424
2272087
3081945
3081944
1078983
2261182
2261183
4279671
3074760
3422755
3074762
3886557
3080431
3074769
4279678
3906819
2258260
1437050
1418343
1437053
4725593
1059197
3270302
2241342
1622993
3609269
1919893
1117423
